UT:0.03566181180019525 UD1:0.05140660016966292
ST:0.0274361648215986  SD1:0.0397975468245263       SD2:0.04129538837858236
 
 
